<FeatMeshFile version="1" mesh="conformal:hypercube:3:3">
  <Chart name="sphere">
    <Sphere radius="0.25" midpoint="0.5 0.5 0.5" />
  </Chart>
  <Mesh type="conformal:hypercube:3:3" size="78 196 168 48">
    <Vertices>
      0.000000 0.000000 0.000000
      1.000000 0.000000 0.000000
      0.000000 1.000000 0.000000
      1.000000 1.000000 0.000000
      0.355662 0.355662 0.355662
      0.644338 0.355662 0.355662
      0.355662 0.644338 0.355662
      0.644338 0.644338 0.355662
      0.355662 0.355662 0.644338
      0.644338 0.355662 0.644338
      0.355662 0.644338 0.644338
      0.644338 0.644338 0.644338
      0.000000 0.000000 1.000000
      1.000000 0.000000 1.000000
      0.000000 1.000000 1.000000
      1.000000 1.000000 1.000000
      0.500000 0.000000 0.000000
      0.000000 0.500000 0.000000
      0.297927 0.297927 0.297927
      0.000000 0.000000 0.500000
      1.000000 0.500000 0.000000
      0.702073 0.297927 0.297927
      1.000000 0.000000 0.500000
      0.500000 1.000000 0.000000
      0.297927 0.702073 0.297927
      0.000000 1.000000 0.500000
      0.702073 0.702073 0.297927
      1.000000 1.000000 0.500000
      0.500000 0.323223 0.323223
      0.323223 0.500000 0.323223
      0.323223 0.323223 0.500000
      0.676777 0.500000 0.323223
      0.676777 0.323223 0.500000
      0.500000 0.676777 0.323223
      0.323223 0.676777 0.500000
      0.676777 0.676777 0.500000
      0.500000 0.323223 0.676777
      0.323223 0.500000 0.676777
      0.297927 0.297927 0.702073
      0.676777 0.500000 0.676777
      0.702073 0.297927 0.702073
      0.500000 0.676777 0.676777
      0.297927 0.702073 0.702073
      0.702073 0.702073 0.702073
      0.500000 0.000000 1.000000
      0.000000 0.500000 1.000000
      1.000000 0.500000 1.000000
      0.500000 1.000000 1.000000
      0.500000 0.500000 0.000000
      0.500000 0.252513 0.252513
      0.500000 0.000000 0.500000
      0.252513 0.500000 0.252513
      0.000000 0.500000 0.500000
      0.252513 0.252513 0.500000
      0.747487 0.500000 0.252513
      1.000000 0.500000 0.500000
      0.747487 0.252513 0.500000
      0.500000 0.747487 0.252513
      0.500000 1.000000 0.500000
      0.252513 0.747487 0.500000
      0.747487 0.747487 0.500000
      0.500000 0.500000 0.250000
      0.500000 0.250000 0.500000
      0.250000 0.500000 0.500000
      0.750000 0.500000 0.500000
      0.500000 0.750000 0.500000
      0.500000 0.500000 0.750000
      0.500000 0.252513 0.747487
      0.252513 0.500000 0.747487
      0.747487 0.500000 0.747487
      0.500000 0.747487 0.747487
      0.500000 0.500000 1.000000
      0.500000 0.500000 0.150000
      0.500000 0.500000 0.850000
      0.500000 0.150000 0.500000
      0.500000 0.850000 0.500000
      0.150000 0.500000 0.500000
      0.850000 0.500000 0.500000
    </Vertices>
    <Topology dim="1">
      0 16
      16 1
      0 17
      17 2
      0 18
      18 4
      0 19
      19 12
      1 20
      20 3
      1 21
      21 5
      1 22
      22 13
      2 23
      23 3
      2 24
      24 6
      2 25
      25 14
      3 26
      26 7
      3 27
      27 15
      4 28
      28 5
      4 29
      29 6
      4 30
      30 8
      5 31
      31 7
      5 32
      32 9
      6 33
      33 7
      6 34
      34 10
      7 35
      35 11
      8 36
      36 9
      8 37
      37 10
      8 38
      38 12
      9 39
      39 11
      9 40
      40 13
      10 41
      41 11
      10 42
      42 14
      11 43
      43 15
      12 44
      44 13
      12 45
      45 14
      13 46
      46 15
      14 47
      47 15
      23 48
      48 16
      17 48
      48 20
      16 49
      49 28
      18 49
      49 21
      16 50
      50 44
      19 50
      50 22
      17 51
      51 29
      18 51
      51 24
      45 52
      52 17
      19 52
      52 25
      18 53
      53 38
      19 53
      53 30
      20 54
      54 31
      21 54
      54 26
      20 55
      55 46
      22 55
      55 27
      21 56
      56 40
      22 56
      56 32
      23 57
      57 33
      24 57
      57 26
      47 58
      58 23
      25 58
      58 27
      24 59
      59 42
      25 59
      59 34
      26 60
      60 43
      27 60
      60 35
      28 61
      61 33
      29 61
      61 31
      36 62
      62 28
      30 62
      62 32
      29 63
      63 37
      30 63
      63 34
      39 64
      64 31
      32 64
      64 35
      33 65
      65 41
      34 65
      65 35
      41 66
      66 36
      37 66
      66 39
      36 67
      67 44
      38 67
      67 40
      37 68
      68 45
      38 68
      68 42
      39 69
      69 46
      40 69
      69 43
      41 70
      70 47
      42 70
      70 43
      44 71
      71 47
      45 71
      71 46
      48 72
      72 61
      49 72
      72 57
      51 72
      72 54
      66 73
      73 71
      67 73
      73 70
      68 73
      73 69
      49 74
      74 67
      50 74
      74 62
      53 74
      74 56
      57 75
      75 70
      65 75
      75 58
      59 75
      75 60
      51 76
      76 68
      53 76
      76 59
      52 76
      76 63
      54 77
      77 69
      56 77
      77 60
      64 77
      77 55
    </Topology>
    <Topology dim="2">
      2 23 17 48
      23 3 48 20
      17 48 0 16
      48 20 16 1
      0 16 18 49
      16 1 49 21
      18 49 4 28
      49 21 28 5
      0 16 19 50
      16 1 50 22
      19 50 12 44
      50 22 44 13
      0 17 18 51
      17 2 51 24
      18 51 4 29
      51 24 29 6
      12 45 19 52
      45 14 52 25
      19 52 0 17
      52 25 17 2
      0 18 19 53
      18 4 53 30
      19 53 12 38
      53 30 38 8
      1 20 21 54
      20 3 54 26
      21 54 5 31
      54 26 31 7
      1 20 22 55
      20 3 55 27
      22 55 13 46
      55 27 46 15
      1 21 22 56
      21 5 56 32
      22 56 13 40
      56 32 40 9
      2 23 24 57
      23 3 57 26
      24 57 6 33
      57 26 33 7
      14 47 25 58
      47 15 58 27
      25 58 2 23
      58 27 23 3
      2 24 25 59
      24 6 59 34
      25 59 14 42
      59 34 42 10
      3 26 27 60
      26 7 60 35
      27 60 15 43
      60 35 43 11
      4 28 29 61
      28 5 61 31
      29 61 6 33
      61 31 33 7
      8 36 30 62
      36 9 62 32
      30 62 4 28
      62 32 28 5
      4 29 30 63
      29 6 63 34
      30 63 8 37
      63 34 37 10
      9 39 32 64
      39 11 64 35
      32 64 5 31
      64 35 31 7
      6 33 34 65
      33 7 65 35
      34 65 10 41
      65 35 41 11
      10 41 37 66
      41 11 66 39
      37 66 8 36
      66 39 36 9
      8 36 38 67
      36 9 67 40
      38 67 12 44
      67 40 44 13
      8 37 38 68
      37 10 68 42
      38 68 12 45
      68 42 45 14
      9 39 40 69
      39 11 69 43
      40 69 13 46
      69 43 46 15
      10 41 42 70
      41 11 70 43
      42 70 14 47
      70 43 47 15
      12 44 45 71
      44 13 71 46
      45 71 14 47
      71 46 47 15
      16 48 49 72
      48 23 72 57
      49 72 28 61
      72 57 61 33
      17 48 51 72
      48 20 72 54
      51 72 29 61
      72 54 61 31
      18 49 51 72
      49 21 72 54
      51 72 24 57
      72 54 57 26
      36 66 67 73
      66 41 73 70
      67 73 44 71
      73 70 71 47
      37 66 68 73
      66 39 73 69
      68 73 45 71
      73 69 71 46
      38 67 68 73
      67 40 73 69
      68 73 42 70
      73 69 70 43
      16 49 50 74
      49 28 74 62
      50 74 44 67
      74 62 67 36
      18 49 53 74
      49 21 74 56
      53 74 38 67
      74 56 67 40
      19 50 53 74
      50 22 74 56
      53 74 30 62
      74 56 62 32
      33 57 65 75
      57 23 75 58
      65 75 41 70
      75 58 70 47
      24 57 59 75
      57 26 75 60
      59 75 42 70
      75 60 70 43
      34 65 59 75
      65 35 75 60
      59 75 25 58
      75 60 58 27
      18 51 53 76
      51 24 76 59
      53 76 38 68
      76 59 68 42
      17 51 52 76
      51 29 76 63
      52 76 45 68
      76 63 68 37
      19 53 52 76
      53 30 76 63
      52 76 25 59
      76 63 59 34
      21 54 56 77
      54 26 77 60
      56 77 40 69
      77 60 69 43
      31 54 64 77
      54 20 77 55
      64 77 39 69
      77 55 69 46
      32 56 64 77
      56 22 77 55
      64 77 35 60
      77 55 60 27
    </Topology>
    <Topology dim="3">
      0 16 17 48 18 49 51 72
      16 1 48 20 49 21 72 54
      17 48 2 23 51 72 24 57
      48 20 23 3 72 54 57 26
      18 49 51 72 4 28 29 61
      49 21 72 54 28 5 61 31
      51 72 24 57 29 61 6 33
      72 54 57 26 61 31 33 7
      8 36 37 66 38 67 68 73
      36 9 66 39 67 40 73 69
      37 66 10 41 68 73 42 70
      66 39 41 11 73 69 70 43
      38 67 68 73 12 44 45 71
      67 40 73 69 44 13 71 46
      68 73 42 70 45 71 14 47
      73 69 70 43 71 46 47 15
      0 16 18 49 19 50 53 74
      16 1 49 21 50 22 74 56
      18 49 4 28 53 74 30 62
      49 21 28 5 74 56 62 32
      19 50 53 74 12 44 38 67
      50 22 74 56 44 13 67 40
      53 74 30 62 38 67 8 36
      74 56 62 32 67 40 36 9
      6 33 24 57 34 65 59 75
      33 7 57 26 65 35 75 60
      24 57 2 23 59 75 25 58
      57 26 23 3 75 60 58 27
      34 65 59 75 10 41 42 70
      65 35 75 60 41 11 70 43
      59 75 25 58 42 70 14 47
      75 60 58 27 70 43 47 15
      0 18 17 51 19 53 52 76
      18 4 51 29 53 30 76 63
      17 51 2 24 52 76 25 59
      51 29 24 6 76 63 59 34
      19 53 52 76 12 38 45 68
      53 30 76 63 38 8 68 37
      52 76 25 59 45 68 14 42
      76 63 59 34 68 37 42 10
      5 21 31 54 32 56 64 77
      21 1 54 20 56 22 77 55
      31 54 7 26 64 77 35 60
      54 20 26 3 77 55 60 27
      32 56 64 77 9 40 39 69
      56 22 77 55 40 13 69 46
      64 77 35 60 39 69 11 43
      77 55 60 27 69 46 43 15
    </Topology>
  </Mesh>
  <MeshPart name="bnd:b" parent="root" topology="none" size="9 12 4 0">
    <Mapping dim="0">
      0
      1
      12
      13
      16
      19
      22
      44
      50
    </Mapping>
    <Mapping dim="1">
      0
      1
      6
      7
      12
      13
      56
      57
      72
      73
      74
      75
    </Mapping>
    <Mapping dim="2">
      8
      9
      10
      11
    </Mapping>
  </MeshPart>
  <MeshPart name="bnd:f" parent="root" topology="none" size="9 12 4 0">
    <Mapping dim="0">
      0
      1
      2
      3
      16
      17
      20
      23
      48
    </Mapping>
    <Mapping dim="1">
      0
      1
      2
      3
      8
      9
      14
      15
      64
      65
      66
      67
    </Mapping>
    <Mapping dim="2">
      0
      1
      2
      3
    </Mapping>
  </MeshPart>
  <MeshPart name="bnd:l" parent="root" topology="none" size="9 12 4 0">
    <Mapping dim="0">
      0
      2
      12
      14
      17
      19
      25
      45
      52
    </Mapping>
    <Mapping dim="1">
      2
      3
      6
      7
      18
      19
      58
      59
      80
      81
      82
      83
    </Mapping>
    <Mapping dim="2">
      16
      17
      18
      19
    </Mapping>
  </MeshPart>
  <MeshPart name="bnd:n" parent="root" topology="none" size="9 12 4 0">
    <Mapping dim="0">
      12
      13
      14
      15
      44
      45
      46
      47
      71
    </Mapping>
    <Mapping dim="1">
      56
      57
      58
      59
      60
      61
      62
      63
      156
      157
      158
      159
    </Mapping>
    <Mapping dim="2">
      92
      93
      94
      95
    </Mapping>
  </MeshPart>
  <MeshPart name="bnd:r" parent="root" topology="none" size="9 12 4 0">
    <Mapping dim="0">
      1
      3
      13
      15
      20
      22
      27
      46
      55
    </Mapping>
    <Mapping dim="1">
      8
      9
      12
      13
      22
      23
      60
      61
      92
      93
      94
      95
    </Mapping>
    <Mapping dim="2">
      28
      29
      30
      31
    </Mapping>
  </MeshPart>
  <MeshPart name="bnd:s" parent="root" chart="sphere" topology="none" size="26 48 24 0">
    <Mapping dim="0">
      4
      5
      6
      7
      8
      9
      10
      11
      28
      29
      30
      31
      32
      33
      34
      35
      36
      37
      39
      41
      61
      62
      63
      64
      65
      66
    </Mapping>
    <Mapping dim="1">
      24
      25
      26
      27
      28
      29
      30
      31
      32
      33
      34
      35
      36
      37
      38
      39
      40
      41
      42
      43
      46
      47
      50
      51
      116
      117
      118
      119
      120
      121
      122
      123
      124
      125
      126
      127
      128
      129
      130
      131
      132
      133
      134
      135
      136
      137
      138
      139
    </Mapping>
    <Mapping dim="2">
      52
      53
      54
      55
      56
      57
      58
      59
      60
      61
      62
      63
      64
      65
      66
      67
      68
      69
      70
      71
      72
      73
      74
      75
    </Mapping>
  </MeshPart>
  <MeshPart name="bnd:t" parent="root" topology="none" size="9 12 4 0">
    <Mapping dim="0">
      2
      3
      14
      15
      23
      25
      27
      47
      58
    </Mapping>
    <Mapping dim="1">
      14
      15
      18
      19
      22
      23
      62
      63
      104
      105
      106
      107
    </Mapping>
    <Mapping dim="2">
      40
      41
      42
      43
    </Mapping>
  </MeshPart>
</FeatMeshFile>
