<FeatMeshFile version="1" mesh="conformal:hypercube:2:2">
  <Info>
    This is a mesh for the 2D "flow around a cylinder" benchmark.
    This mesh consists of 144 quadrilateral cells.
  </Info>
  <Chart name="circle">
    <Circle radius="0.05" midpoint="0.2 0.2" domain="0.5 -0.5" />
  </Chart>
  <Mesh type="conformal:hypercube:2:2" size="174 318 144">
    <Vertices>
      0.15 0.2
      0.175 0.2433
      0.225 0.2433
      0.25 0.2
      0.225 0.1567
      0.175 0.1567
      0.084546 0.2
      0.1423 0.3
      0.2577 0.3
      0.31545 0.2
      0.2577 0.1
      0.1423 0.1
      0 0
      0 0.1
      0 0.2
      0 0.3
      0 0.41
      0.1423 0
      0.2577 0
      0.1423 0.41
      0.2577 0.41
      0.4 0
      0.4 0.1
      0.4 0.2
      0.4 0.3
      0.4 0.41
      0.7 0
      0.7 0.1
      0.7 0.2
      0.7 0.3
      0.7 0.41
      1 0
      1 0.1
      1 0.2
      1 0.3
      1 0.41
      1.35 0
      1.35 0.1
      1.35 0.2
      1.35 0.3
      1.35 0.41
      1.75 0
      1.75 0.1
      1.75 0.2
      1.75 0.3
      1.75 0.41
      2.2 0
      2.2 0.1
      2.2 0.2
      2.2 0.3
      2.2 0.41
      0.1567 0.225
      0.17 0.25196
      0.113423 0.25
      0.14 0.2
      0.2 0.25
      0.23 0.25196
      0.2 0.3
      0.243301 0.225
      0.26 0.2
      0.286575 0.25
      0.243301 0.175
      0.23 0.14804
      0.286575 0.15
      0.2 0.15
      0.17 0.14804
      0.2 0.1
      0.113423 0.15
      0.1567 0.175
      0.07115 0.1
      0 0.05
      0.07115 0
      0.1423 0.05
      0.042273 0.2
      0 0.15
      0.07115 0.3
      0 0.25
      0.1423 0.355
      0.07115 0.41
      0 0.355
      0.2 0
      0.2577 0.05
      0.2577 0.355
      0.2 0.41
      0.32885 0
      0.4 0.05
      0.32885 0.1
      0.4 0.15
      0.357725 0.2
      0.4 0.25
      0.32885 0.3
      0.4 0.355
      0.32885 0.41
      0.55 0
      0.7 0.05
      0.55 0.1
      0.7 0.15
      0.55 0.2
      0.7 0.25
      0.55 0.3
      0.7 0.355
      0.55 0.41
      0.85 0
      1 0.05
      0.85 0.1
      1 0.15
      0.85 0.2
      1 0.25
      0.85 0.3
      1 0.355
      0.85 0.41
      1.175 0
      1.35 0.05
      1.175 0.1
      1.35 0.15
      1.175 0.2
      1.35 0.25
      1.175 0.3
      1.35 0.355
      1.175 0.41
      1.55 0
      1.75 0.05
      1.55 0.1
      1.75 0.15
      1.55 0.2
      1.75 0.25
      1.55 0.3
      1.75 0.355
      1.55 0.41
      1.975 0
      2.2 0.05
      1.975 0.1
      2.2 0.15
      1.975 0.2
      2.2 0.25
      1.975 0.3
      2.2 0.355
      1.975 0.41
      0.14804 0.23
      0.2 0.26
      0.25196 0.23
      0.25196 0.17
      0.2 0.14
      0.14804 0.17
      0.07115 0.05
      0.0567115 0.15
      0.0567115 0.25
      0.07115 0.355
      0.2 0.05
      0.2 0.355
      0.32885 0.05
      0.343288 0.15
      0.343288 0.25
      0.32885 0.355
      0.55 0.05
      0.55 0.15
      0.55 0.25
      0.55 0.355
      0.85 0.05
      0.85 0.15
      0.85 0.25
      0.85 0.355
      1.175 0.05
      1.175 0.15
      1.175 0.25
      1.175 0.355
      1.55 0.05
      1.55 0.15
      1.55 0.25
      1.55 0.355
      1.975 0.05
      1.975 0.15
      1.975 0.25
      1.975 0.355
    </Vertices>
    <Topology dim="1">
      0 51
      51 1
      1 52
      52 7
      7 53
      53 6
      6 54
      54 0
      1 55
      55 2
      2 56
      56 8
      8 57
      57 7
      2 58
      58 3
      3 59
      59 9
      9 60
      60 8
      3 61
      61 4
      4 62
      62 10
      10 63
      63 9
      4 64
      64 5
      5 65
      65 11
      11 66
      66 10
      6 67
      67 11
      5 68
      68 0
      11 69
      69 13
      13 70
      70 12
      12 71
      71 17
      17 72
      72 11
      6 73
      73 14
      14 74
      74 13
      7 75
      75 15
      15 76
      76 14
      7 77
      77 19
      19 78
      78 16
      16 79
      79 15
      17 80
      80 18
      18 81
      81 10
      8 82
      82 20
      20 83
      83 19
      18 84
      84 21
      21 85
      85 22
      22 86
      86 10
      22 87
      87 23
      23 88
      88 9
      23 89
      89 24
      24 90
      90 8
      24 91
      91 25
      25 92
      92 20
      21 93
      93 26
      26 94
      94 27
      27 95
      95 22
      27 96
      96 28
      28 97
      97 23
      28 98
      98 29
      29 99
      99 24
      29 100
      100 30
      30 101
      101 25
      26 102
      102 31
      31 103
      103 32
      32 104
      104 27
      32 105
      105 33
      33 106
      106 28
      33 107
      107 34
      34 108
      108 29
      34 109
      109 35
      35 110
      110 30
      31 111
      111 36
      36 112
      112 37
      37 113
      113 32
      37 114
      114 38
      38 115
      115 33
      38 116
      116 39
      39 117
      117 34
      39 118
      118 40
      40 119
      119 35
      36 120
      120 41
      41 121
      121 42
      42 122
      122 37
      42 123
      123 43
      43 124
      124 38
      43 125
      125 44
      44 126
      126 39
      44 127
      127 45
      45 128
      128 40
      41 129
      129 46
      46 130
      130 47
      47 131
      131 42
      47 132
      132 48
      48 133
      133 43
      48 134
      134 49
      49 135
      135 44
      49 136
      136 50
      50 137
      137 45
      51 138
      138 53
      54 138
      138 52
      55 139
      139 57
      52 139
      139 56
      58 140
      140 60
      56 140
      140 59
      61 141
      141 63
      59 141
      141 62
      64 142
      142 66
      62 142
      142 65
      54 143
      143 65
      68 143
      143 67
      69 144
      144 71
      72 144
      144 70
      73 145
      145 69
      67 145
      145 74
      53 146
      146 76
      73 146
      146 75
      77 147
      147 79
      75 147
      147 78
      66 148
      148 80
      81 148
      148 72
      57 149
      149 83
      77 149
      149 82
      81 150
      150 85
      86 150
      150 84
      63 151
      151 87
      88 151
      151 86
      60 152
      152 89
      90 152
      152 88
      90 153
      153 92
      82 153
      153 91
      93 154
      154 95
      85 154
      154 94
      95 155
      155 97
      87 155
      155 96
      97 156
      156 99
      89 156
      156 98
      99 157
      157 101
      91 157
      157 100
      102 158
      158 104
      94 158
      158 103
      104 159
      159 106
      96 159
      159 105
      106 160
      160 108
      98 160
      160 107
      108 161
      161 110
      100 161
      161 109
      111 162
      162 113
      103 162
      162 112
      113 163
      163 115
      105 163
      163 114
      115 164
      164 117
      107 164
      164 116
      117 165
      165 119
      109 165
      165 118
      120 166
      166 122
      112 166
      166 121
      122 167
      167 124
      114 167
      167 123
      124 168
      168 126
      116 168
      168 125
      126 169
      169 128
      118 169
      169 127
      129 170
      170 131
      121 170
      170 130
      131 171
      171 133
      123 171
      171 132
      133 172
      172 135
      125 172
      172 134
      135 173
      173 137
      127 173
      173 136
    </Topology>
    <Topology dim="2">
      0 51 54 138
      51 1 138 52
      54 138 6 53
      138 52 53 7
      1 55 52 139
      55 2 139 56
      52 139 7 57
      139 56 57 8
      2 58 56 140
      58 3 140 59
      56 140 8 60
      140 59 60 9
      3 61 59 141
      61 4 141 62
      59 141 9 63
      141 62 63 10
      4 64 62 142
      64 5 142 65
      62 142 10 66
      142 65 66 11
      0 54 68 143
      54 6 143 67
      68 143 5 65
      143 67 65 11
      11 69 72 144
      69 13 144 70
      72 144 17 71
      144 70 71 12
      6 73 67 145
      73 14 145 74
      67 145 11 69
      145 74 69 13
      6 53 73 146
      53 7 146 75
      73 146 14 76
      146 75 76 15
      7 77 75 147
      77 19 147 78
      75 147 15 79
      147 78 79 16
      10 66 81 148
      66 11 148 72
      81 148 18 80
      148 72 80 17
      7 57 77 149
      57 8 149 82
      77 149 19 83
      149 82 83 20
      10 81 86 150
      81 18 150 84
      86 150 22 85
      150 84 85 21
      9 63 88 151
      63 10 151 86
      88 151 23 87
      151 86 87 22
      8 60 90 152
      60 9 152 88
      90 152 24 89
      152 88 89 23
      8 90 82 153
      90 24 153 91
      82 153 20 92
      153 91 92 25
      21 93 85 154
      93 26 154 94
      85 154 22 95
      154 94 95 27
      22 95 87 155
      95 27 155 96
      87 155 23 97
      155 96 97 28
      23 97 89 156
      97 28 156 98
      89 156 24 99
      156 98 99 29
      24 99 91 157
      99 29 157 100
      91 157 25 101
      157 100 101 30
      26 102 94 158
      102 31 158 103
      94 158 27 104
      158 103 104 32
      27 104 96 159
      104 32 159 105
      96 159 28 106
      159 105 106 33
      28 106 98 160
      106 33 160 107
      98 160 29 108
      160 107 108 34
      29 108 100 161
      108 34 161 109
      100 161 30 110
      161 109 110 35
      31 111 103 162
      111 36 162 112
      103 162 32 113
      162 112 113 37
      32 113 105 163
      113 37 163 114
      105 163 33 115
      163 114 115 38
      33 115 107 164
      115 38 164 116
      107 164 34 117
      164 116 117 39
      34 117 109 165
      117 39 165 118
      109 165 35 119
      165 118 119 40
      36 120 112 166
      120 41 166 121
      112 166 37 122
      166 121 122 42
      37 122 114 167
      122 42 167 123
      114 167 38 124
      167 123 124 43
      38 124 116 168
      124 43 168 125
      116 168 39 126
      168 125 126 44
      39 126 118 169
      126 44 169 127
      118 169 40 128
      169 127 128 45
      41 129 121 170
      129 46 170 130
      121 170 42 131
      170 130 131 47
      42 131 123 171
      131 47 171 132
      123 171 43 133
      171 132 133 48
      43 133 125 172
      133 48 172 134
      125 172 44 135
      172 134 135 49
      44 135 127 173
      135 49 173 136
      127 173 45 137
      173 136 137 50
    </Topology>
  </Mesh>
  <MeshPart name="bnd:b" parent="root" topology="none" size="17 16">
    <Mapping dim="0">
      46
      26
      18
      21
      12
      36
      31
      41
      17
      120
      102
      84
      111
      80
      129
      71
      93
    </Mapping>
    <Mapping dim="1">
      138
      139
      102
      103
      66
      67
      120
      121
      58
      59
      156
      157
      40
      41
      84
      85
    </Mapping>
  </MeshPart>
  <MeshPart name="bnd:c" parent="root" chart="circle" topology="full" size="13 12">
    <Topology dim="1">
      0 1
      1 2
      2 3
      3 4
      4 5
      5 6
      6 7
      7 8
      8 9
      9 10
      10 11
      11 12
    </Topology>
    <Mapping dim="0">
      0
      51
      1
      55
      2
      58
      3
      61
      4
      64
      5
      68
      0
    </Mapping>
    <Mapping dim="1">
      0
      1
      8
      9
      14
      15
      20
      21
      26
      27
      34
      35
    </Mapping>
    <Attribute name="param" dim="1">
      0
      0.0833333
      0.1666667
      0.25
      0.3333333
      0.4166667
      0.5
      0.5833333
      0.6666667
      0.75
      0.8333333
      0.9166667
      1
    </Attribute>
  </MeshPart>
  <MeshPart name="bnd:l" parent="root" topology="none" size="9 8">
    <Mapping dim="0">
      12
      13
      16
      15
      14
      76
      79
      74
      70
    </Mapping>
    <Mapping dim="1">
      50
      51
      56
      57
      46
      47
      38
      39
    </Mapping>
  </MeshPart>
  <MeshPart name="bnd:r" parent="root" topology="none" size="9 8">
    <Mapping dim="0">
      50
      49
      46
      48
      47
      130
      134
      136
      132
    </Mapping>
    <Mapping dim="1">
      158
      159
      166
      167
      170
      171
      162
      163
    </Mapping>
  </MeshPart>
  <MeshPart name="bnd:t" parent="root" topology="none" size="17 16">
    <Mapping dim="0">
      40
      19
      45
      20
      30
      50
      16
      35
      25
      83
      137
      119
      78
      110
      128
      92
      101
    </Mapping>
    <Mapping dim="1">
      64
      65
      172
      173
      136
      137
      54
      55
      118
      119
      154
      155
      82
      83
      100
      101
    </Mapping>
  </MeshPart>
  <MeshPart name="inner:l" parent="root" topology="none" size="5 4">
    <Mapping dim="0">
      80
      148
      66
      142
      64
    </Mapping>
    <Mapping dim="1">
      215
      214
      190
      191
    </Mapping>
  </MeshPart>
  <MeshPart name="inner:u" parent="root" topology="none" size="5 4">
    <Mapping dim="0">
      55
      139
      57
      149
      83
    </Mapping>
    <Mapping dim="1">
      178
      179
      218
      219
    </Mapping>
  </MeshPart>
</FeatMeshFile>
